Q 1 0111011000100
D 2 011101100011
j 3 111111101000
H 3 111111101001
G 4 01110110010
S 6 11111110101
E 4 01110110011
W 6 11111110110
" 2 011101101000
q 8 0111011011
C 4 01110110101
P 3 111111101110
8 1 0111011000101
B 4 01110111000
7 1 0111011010010
9 4 01110111001
l 286 11110
i 576 1110
f 112 010101
A 16 011101111
m 166 111110
t 510 1000
c 279 11010
n 514 1001
I 16 111111100
h 226 01011
a 531 1100
v 95 000010
, 98 000011
T 12 1111111100
y 83 1111110
\n 26 111111111
e 767 001
u 174 00000
o 433 0100
' ' 1030 101
d 244 01111
z 15 011101001
0 4 01110111010
s 443 0110
( 2 011101110110
w 56 0111000
- 12 1111111101
b 102 010100
r 381 0001
g 154 110111
. 59 0111001
) 2 011101110111
x 14 011101000
F 3 111111101111
k 31 01110101
p 130 110110
2 1 0111011010011
1 3 01110110000
